1116811 0.824 0.790 0.818 0.854
1343911 0.824 0.790 0.818 0.854
4920018 0.824 0.790 0.818 0.854
719834 0.824 0.790 0.818 0.854
98874 0.824 0.790 0.818 0.854
276162 0.824 0.790 0.818 0.864
2368337 0.824 0.790 0.818 0.865
3196965 0.824 0.790 0.833 0.908
1223933 0.824 0.790 0.842 0.854
4118254 0.824 0.790 0.842 0.854
965946 0.824 0.790 0.842 0.854
2365928 0.824 0.811 0.818 0.854
133858 0.824 0.811 0.818 0.864
1452363 0.824 0.811 0.818 0.864
1981725 0.824 0.811 0.818 0.864
3992128 0.824 0.811 0.818 0.888
1415276 0.824 0.811 0.818 0.898
3673468 0.824 0.811 0.833 0.854
2708658 0.824 0.811 0.833 0.864
4956438 0.824 0.811 0.848 0.854
495429 0.824 0.829 0.818 0.854
3953443 0.824 0.829 0.818 0.864
1816764 0.824 0.829 0.818 0.865
2903664 0.824 0.829 0.818 0.893
1411677 0.824 0.829 0.833 0.864
3230076 0.824 0.829 0.842 0.891
685614 0.824 0.836 0.892 0.854
724413 0.824 0.879 0.853 0.854
837937 0.824 0.879 0.911 0.893
2226631 0.824 0.905 0.818 0.865
1027882 0.824 0.911 0.818 0.865
4699038 0.846 0.790 0.842 0.854
3959688 0.846 0.790 0.842 0.864
4983075 0.846 0.811 0.833 0.854
1231908 0.846 0.811 0.833 0.891
1833923 0.846 0.811 0.838 0.854
2630747 0.846 0.829 0.833 0.854
1628736 0.846 0.829 0.833 0.864
1521737 0.846 0.829 0.833 0.868
324172 0.846 0.836 0.838 0.854
4099 0.846 0.836 0.838 0.854
695960 0.846 0.836 0.842 0.854
1503067 0.846 0.836 0.842 0.864
1991751 0.846 0.843 0.842 0.864
114272 0.846 0.843 0.842 0.893
4984662 0.846 0.843 0.864 0.854
728020 0.846 0.843 0.864 0.907
1646523 0.846 0.853 0.838 0.864
4130096 0.846 0.853 0.842 0.871
4956681 0.846 0.853 0.897 0.909
1420164 0.846 0.885 0.908 0.896
20406 0.846 0.887 0.838 0.854
2313959 0.846 0.887 0.842 0.871
337335 0.846 0.887 0.848 0.854
719918 0.846 0.887 0.848 0.871
921268 0.846 0.887 0.880 0.871
2898698 0.846 0.889 0.881 0.865
4397821 0.846 0.890 0.853 0.864
3879827 0.846 0.907 0.864 0.891
3565718 0.846 0.911 0.911 0.864
1709732 0.847 0.790 0.818 0.854
3066531 0.847 0.790 0.818 0.864
3728525 0.847 0.790 0.818 0.864
2139649 0.847 0.790 0.818 0.868
1604251 0.847 0.790 0.848 0.887
2699885 0.847 0.790 0.864 0.854
2751495 0.847 0.811 0.818 0.878
3016107 0.847 0.811 0.818 0.887
93149 0.847 0.811 0.818 0.909
3916305 0.847 0.829 0.833 0.854
3307752 0.847 0.829 0.833 0.865
4430769 0.847 0.829 0.833 0.865
1404827 0.847 0.829 0.833 0.907
627003 0.847 0.829 0.853 0.854
3391166 0.847 0.829 0.908 0.865
260984 0.847 0.836 0.818 0.887
377927 0.847 0.836 0.833 0.891
3650178 0.847 0.836 0.842 0.868
2677849 0.847 0.836 0.842 0.878
2297800 0.847 0.836 0.842 0.879
1777602 0.847 0.836 0.881 0.898
323707 0.847 0.836 0.881 0.909
1399304 0.847 0.843 0.838 0.854
3353516 0.847 0.843 0.838 0.871
3196666 0.847 0.843 0.842 0.854
495485 0.847 0.843 0.842 0.871
842229 0.847 0.843 0.880 0.864
128795 0.847 0.853 0.838 0.854
596771 0.847 0.853 0.842 0.854
349151 0.847 0.853 0.842 0.865
1463748 0.847 0.885 0.848 0.864
2155005 0.847 0.885 0.864 0.854
1061631 0.847 0.887 0.880 0.891
433099 0.847 0.890 0.853 0.867
2212327 0.847 0.905 0.897 0.909
3869323 0.847 0.907 0.864 0.909
4133965 0.847 0.909 0.833 0.907
2710828 0.847 0.909 0.908 0.878
2883224 0.847 0.909 0.911 0.864
3694338 0.847 0.909 0.911 0.864
3745929 0.849 0.790 0.818 0.854
871783 0.849 0.790 0.881 0.854
3424087 0.849 0.829 0.842 0.854
3138275 0.849 0.829 0.842 0.871
3815021 0.849 0.829 0.842 0.893
3455861 0.849 0.829 0.853 0.867
873466 0.849 0.836 0.853 0.871
1736120 0.849 0.843 0.833 0.854
1141088 0.849 0.843 0.842 0.854
1604541 0.849 0.843 0.842 0.854
3454148 0.849 0.843 0.842 0.854
3972240 0.849 0.843 0.842 0.854
4514429 0.849 0.843 0.842 0.854
490555 0.849 0.843 0.842 0.909
2945973 0.869 0.790 0.818 0.865
3974293 0.869 0.811 0.833 0.905
1486075 0.869 0.853 0.853 0.878
1301781 0.869 0.853 0.864 0.871
974754 0.869 0.853 0.864 0.893
3681103 0.869 0.853 0.880 0.854
3923225 0.869 0.853 0.908 0.871
4000365 0.869 0.879 0.853 0.867
1335377 0.869 0.879 0.864 0.896
3070595 0.869 0.879 0.881 0.909
1879031 0.869 0.879 0.892 0.867
2158989 0.869 0.879 0.908 0.871
396003 0.869 0.887 0.880 0.891
2881014 0.869 0.887 0.897 0.878
343892 0.869 0.889 0.848 0.868
190889 0.869 0.889 0.881 0.878
3369848 0.869 0.889 0.908 0.865
479770 0.869 0.905 0.881 0.909
2369144 0.869 0.905 0.908 0.898
1374620 0.869 0.906 0.880 0.871
4320005 0.869 0.906 0.908 0.864
3743584 0.869 0.909 0.818 0.879
3407814 0.869 0.911 0.908 0.908
1286634 0.872 0.836 0.853 0.868
4950238 0.872 0.836 0.853 0.893
1296407 0.872 0.836 0.864 0.893
1784813 0.872 0.853 0.853 0.854
2794912 0.872 0.853 0.908 0.868
334937 0.872 0.879 0.853 0.865
785754 0.872 0.879 0.881 0.891
1830137 0.872 0.885 0.864 0.871
15927 0.872 0.887 0.842 0.854
2372082 0.872 0.887 0.853 0.854
2105372 0.872 0.887 0.864 0.864
1019544 0.872 0.887 0.864 0.871
3869494 0.872 0.887 0.864 0.871
4583407 0.872 0.887 0.864 0.893
1895734 0.872 0.887 0.880 0.854
1864989 0.872 0.889 0.881 0.879
2897953 0.872 0.890 0.864 0.871
985847 0.872 0.907 0.911 0.878
1191610 0.872 0.909 0.911 0.908
1652999 0.872 0.910 0.911 0.888
2961934 0.872 0.911 0.908 0.879
3420019 0.881 0.853 0.864 0.893
4050393 0.881 0.853 0.864 0.907
2278841 0.881 0.879 0.864 0.908
2993853 0.881 0.879 0.880 0.879
2150854 0.881 0.890 0.864 0.888
1157760 0.881 0.890 0.880 0.868
2862649 0.881 0.890 0.880 0.868
315111 0.881 0.907 0.864 0.893
398718 0.881 0.909 0.864 0.865
1123380 0.883 0.843 0.848 0.864
2777873 0.883 0.879 0.880 0.871
3988771 0.883 0.879 0.897 0.893
1132009 0.883 0.885 0.848 0.871
75433 0.883 0.885 0.864 0.891
1594723 0.883 0.885 0.880 0.893
329948 0.883 0.885 0.892 0.878
2222649 0.883 0.887 0.842 0.854
2672828 0.883 0.887 0.880 0.893
4064584 0.883 0.887 0.880 0.896
1689801 0.883 0.887 0.881 0.879
3938770 0.883 0.887 0.897 0.864
517394 0.883 0.889 0.881 0.888
557177 0.883 0.889 0.911 0.878
3261172 0.883 0.890 0.848 0.854
1563844 0.883 0.890 0.848 0.879
1835117 0.883 0.890 0.880 0.868
4076916 0.883 0.890 0.880 0.878
1898191 0.883 0.905 0.864 0.905
4839757 0.883 0.905 0.892 0.878
431701 0.883 0.905 0.906 0.878
2589749 0.883 0.911 0.906 0.896
2666464 0.891 0.905 0.892 0.878
834454 0.891 0.905 0.911 0.888
2798633 0.891 0.906 0.911 0.905
2198610 0.891 0.909 0.908 0.909
403009 0.891 0.911 0.896 0.868
2792532 0.891 0.911 0.896 0.909
2084718 0.891 0.911 0.906 0.908
2022233 0.891 0.911 0.911 0.909
2876780 0.894 0.843 0.892 0.891
543302 0.894 0.887 0.848 0.854
2461789 0.894 0.889 0.881 0.868
2108339 0.894 0.889 0.892 0.878
244803 0.894 0.889 0.908 0.878
3554117 0.894 0.905 0.906 0.864
3727873 0.894 0.906 0.908 0.907
1386131 0.894 0.909 0.908 0.909
2157016 0.894 0.909 0.911 0.907
1837162 0.895 0.885 0.864 0.854
1635700 0.895 0.889 0.864 0.905
1935271 0.895 0.889 0.892 0.888
834891 0.895 0.889 0.896 0.898
3812132 0.895 0.890 0.864 0.893
2230438 0.895 0.905 0.881 0.868
3944324 0.895 0.905 0.881 0.896
1975314 0.895 0.905 0.881 0.898
981664 0.895 0.905 0.892 0.905
1661779 0.895 0.906 0.892 0.878
1958810 0.895 0.907 0.911 0.891
91658 0.895 0.907 0.912 0.891
1529930 0.895 0.910 0.911 0.908
156391 0.899 0.843 0.864 0.907
1438472 0.899 0.879 0.833 0.854
866986 0.899 0.887 0.853 0.867
4947744 0.899 0.887 0.864 0.864
2279091 0.899 0.887 0.880 0.905
1414940 0.899 0.889 0.881 0.879
452872 0.899 0.890 0.864 0.854
75486 0.899 0.890 0.892 0.868
2914119 0.899 0.890 0.892 0.879
3300027 0.899 0.905 0.880 0.878
4058320 0.899 0.905 0.880 0.888
744810 0.899 0.905 0.892 0.854
3460994 0.899 0.905 0.892 0.878
3487796 0.899 0.905 0.892 0.888
1912140 0.899 0.905 0.908 0.905
21992 0.899 0.907 0.892 0.905
4954954 0.899 0.909 0.853 0.888
3493224 0.899 0.911 0.880 0.864
3981578 0.899 0.911 0.881 0.854
1928523 0.903 0.811 0.853 0.864
1671222 0.903 0.843 0.833 0.893
1087206 0.903 0.879 0.911 0.879
1950381 0.903 0.906 0.911 0.898
2900402 0.903 0.909 0.908 0.896
1651620 0.903 0.909 0.912 0.887
2684274 0.903 0.910 0.881 0.887
2682034 0.903 0.910 0.912 0.891
1056152 0.903 0.911 0.906 0.907
4409020 0.903 0.911 0.908 0.908
2746161 0.903 0.911 0.911 0.871
1375324 0.903 0.911 0.911 0.909
1320077 0.905 0.829 0.838 0.854
172870 0.905 0.853 0.838 0.887
1568441 0.905 0.889 0.864 0.871
4992418 0.905 0.889 0.864 0.907
952930 0.905 0.905 0.892 0.891
2248073 0.905 0.906 0.897 0.909
3019986 0.905 0.907 0.864 0.909
404325 0.905 0.907 0.892 0.878
3113123 0.905 0.909 0.908 0.878
3671840 0.905 0.911 0.908 0.864
2187058 0.905 0.911 0.908 0.898
1421011 0.906 0.853 0.864 0.893
2418168 0.906 0.890 0.880 0.879
887288 0.906 0.905 0.897 0.898
1640797 0.906 0.906 0.881 0.891
704542 0.906 0.909 0.911 0.891
3488054 0.906 0.911 0.908 0.909
2454285 0.907 0.829 0.842 0.879
1260383 0.907 0.829 0.853 0.867
4041854 0.907 0.829 0.911 0.864
1013184 0.907 0.887 0.853 0.879
415496 0.907 0.887 0.911 0.878
1092650 0.907 0.889 0.908 0.908
3818676 0.907 0.905 0.908 0.867
860305 0.907 0.905 0.911 0.887
2881977 0.907 0.909 0.897 0.907
686094 0.907 0.909 0.908 0.865
2716396 0.907 0.909 0.911 0.898
3991828 0.907 0.910 0.906 0.887
962043 0.907 0.910 0.908 0.908
3008757 0.907 0.910 0.911 0.868
3391742 0.907 0.910 0.911 0.909
1794923 0.907 0.910 0.912 0.908
519433 0.907 0.911 0.908 0.908
1561045 0.907 0.911 0.911 0.898
1634879 0.907 0.911 0.911 0.909
2796512 0.907 0.911 0.911 0.909
3351232 0.907 0.911 0.912 0.867
879471 0.907 0.911 0.912 0.909
46988 0.908 0.889 0.896 0.887
2226946 0.908 0.889 0.906 0.878
3253504 0.908 0.890 0.892 0.905
2686670 0.908 0.905 0.896 0.888
4937322 0.908 0.905 0.896 0.888
2089796 0.908 0.905 0.896 0.898
3595357 0.908 0.905 0.906 0.898
3551215 0.908 0.905 0.908 0.878
1358209 0.908 0.905 0.908 0.887
3248231 0.908 0.905 0.908 0.905
1565124 0.908 0.905 0.908 0.908
1464306 0.908 0.906 0.864 0.868
2993715 0.908 0.906 0.881 0.867
1956001 0.908 0.906 0.897 0.905
1230610 0.908 0.907 0.906 0.878
1060996 0.908 0.907 0.912 0.898
1841285 0.908 0.909 0.818 0.854
1867617 0.908 0.909 0.897 0.905
4843792 0.908 0.909 0.911 0.909
3539169 0.908 0.909 0.912 0.907
151276 0.908 0.910 0.897 0.887
1164401 0.908 0.911 0.911 0.878
3976199 0.908 0.911 0.912 0.909
2767122 0.910 0.811 0.833 0.865
1104006 0.910 0.811 0.892 0.896
3009615 0.910 0.853 0.911 0.887
1884245 0.910 0.885 0.818 0.871
1308429 0.910 0.885 0.892 0.888
191474 0.910 0.889 0.896 0.867
1151398 0.910 0.905 0.912 0.908
2642610 0.910 0.905 0.912 0.908
3559921 0.910 0.906 0.881 0.878
188444 0.910 0.907 0.908 0.888
3043989 0.910 0.907 0.908 0.908
1052471 0.910 0.907 0.911 0.887
1493454 0.910 0.907 0.911 0.905
3239998 0.910 0.909 0.908 0.888
3315131 0.910 0.909 0.908 0.908
3307501 0.910 0.909 0.908 0.909
2407601 0.910 0.909 0.911 0.909
3443455 0.910 0.909 0.911 0.909
795010 0.910 0.909 0.911 0.909
1117692 0.910 0.909 0.912 0.909
359035 0.910 0.911 0.897 0.891
611173 0.910 0.911 0.908 0.907
1494655 0.910 0.911 0.908 0.909
2021875 0.910 0.911 0.908 0.909
3737894 0.910 0.911 0.908 0.909
389821 0.910 0.911 0.908 0.909
444248 0.910 0.911 0.908 0.909
848438 0.910 0.911 0.908 0.909
2383195 0.910 0.911 0.911 0.907
3477138 0.910 0.911 0.911 0.908
1203504 0.910 0.911 0.911 0.909
1781006 0.910 0.911 0.911 0.909
1806461 0.910 0.911 0.911 0.909
3273519 0.910 0.911 0.911 0.909
3729373 0.910 0.911 0.911 0.909
4918277 0.910 0.911 0.911 0.909
2474106 0.910 0.911 0.912 0.898
4442518 0.910 0.911 0.912 0.898
1777709 0.910 0.911 0.912 0.908
13350 0.911 0.905 0.908 0.905
1532452 0.911 0.905 0.912 0.898
74260 0.911 0.907 0.892 0.887
1660792 0.911 0.907 0.906 0.887
92912 0.911 0.907 0.908 0.909
4831704 0.911 0.909 0.892 0.867
1469157 0.911 0.909 0.897 0.909
2438281 0.911 0.909 0.908 0.905
3780112 0.911 0.909 0.908 0.907
1829974 0.911 0.909 0.911 0.898
2895452 0.911 0.909 0.911 0.908
1729301 0.911 0.910 0.897 0.909
1096833 0.911 0.910 0.911 0.891
688001 0.911 0.911 0.864 0.909
1094455 0.911 0.911 0.897 0.871
293282 0.911 0.911 0.897 0.909
4873252 0.911 0.911 0.908 0.887
1780197 0.911 0.911 0.908 0.891
181100 0.911 0.911 0.908 0.898
4344245 0.911 0.911 0.908 0.907
1500601 0.911 0.911 0.908 0.909
406141 0.911 0.911 0.908 0.909
4152720 0.911 0.911 0.908 0.909
402316 0.911 0.911 0.911 0.878
1265892 0.911 0.911 0.911 0.909
4098094 0.911 0.911 0.911 0.909
824910 0.911 0.911 0.911 0.909
1200092 0.911 0.911 0.912 0.909
